probe=0 11249.834104061127
sweep=0 12148.783571481705
restart=0 12293.91529750824
reluctant=0 12334.62857890129
chrono=0 12464.15641283989
warmup=0 12513.446805477142
lucky=0 12537.212692260742
phase=0 13176.981007814407
target=2 13234.10734462738
phasesaving=0 13402.747208833694
extract=0 13494.21332526207
fastel=0 13524.996024608612
vivify=0 13591.818561792374
eliminate=0 13628.080392837524
preprocess=0 13691.78832435608
substitute=0 13792.933409690857
stable=2 13810.222420930862
forward=0 13996.342529773712
transitive=0 14019.348783254623
reorder=0 14063.15316414833
congruence=0 14361.232960224152
factor=0 15066.840395450592
target=0 15139.751278877258
bump=0 15362.909752368927
rephase=0 15520.928945302963
randec=0 15582.71837759018
backbone=2 15609.059093475342
backbone=0 15802.575810194016
reorder=1 16344.04835987091
stable=0 18921.112667560577
