fastel=0 9456.330492019653
factor=0 9497.858005285263
target=0 9638.537508249283
reluctant=0 9652.208289384842
randec=0 9664.16785621643
stable=2 9673.132001638412
rephase=0 9673.657933473587
target=2 9675.182886362076
phasesaving=0 9687.418319225311
warmup=0 9690.178224563599
restart=0 9706.251727819443
extract=0 9731.437328338623
sweep=0 9740.019907712936
eliminate=0 9746.202012300491
chrono=0 9757.651698112488
backbone=2 9758.406894922256
transitive=0 9758.78419804573
forward=0 9759.653839588165
reorder=1 9766.204096317291
backbone=0 9831.76172709465
stable=0 9847.31949687004
vivify=0 9849.523936271667
substitute=0 9874.647855997086
reorder=0 9914.864188432693
phase=0 9969.81549692154
bump=0 11207.351662158966
preprocess=0 12940.678406238556
lucky=0 15516.149488687515
congruence=0 21655.164014339447
probe=0 23503.798577785492
