-phasesaving=0 25168.609176158905
-forward=0 25631.945386648178
-randec=0 25771.868849992752
-probe=0 25844.0147793293
-extract=0 25976.275748729706
-chrono=0 26146.81007361412
-preprocess=0 26238.917268514633
-lucky=0 26569.908619880676
-backbone=0 26657.035279512405
-congruence=0 26804.43681716919
-sweep=0 26990.194623708725
-backbone=2 27087.77115869522
-reorder=1 27295.52560377121
-fastel=0 27334.711233854294
-phase=0 27344.01573061943
-vivify=0 27688.480481147766
-stable=2 28318.889457702637
-substitute=0 28494.32246184349
-restart=0 28543.418292045593
-transitive=0 28646.20817899704
-eliminate=0 28722.62413930893
-target=2 28766.314168691635
-rephase=0 28863.529203891754
-warmup=0 28972.8504178524
-reluctant=0 29091.24944806099
-factor=0 29163.182013511658
-reorder=0 29386.00649046898
-bump=0 32000
-stable=0 32000
-target=0 32000
