-reorder=0 7671.551260709763
-chrono=0 8158.903525114059
-phase=0 8590.07367014885
-substitute=0 8780.704540252686
-probe=0 9334.817088842392
-factor=0 9486.715387821198
-sweep=0 9600.501891851425
-extract=0 9674.321034908295
-transitive=0 9698.050087690353
-forward=0 9706.400763988495
-backbone=0 9710.227462053299
-target=2 9886.739139318466
-vivify=0 10002.261875867844
-phasesaving=0 10020.224852323532
-stable=2 10026.500927448273
-congruence=0 10466.962662220001
-backbone=2 10714.428923368454
-reorder=1 10772.58667063713
-warmup=0 11894.89981007576
-eliminate=0 12236.113923311234
-preprocess=0 12369.041061401367
-lucky=0 12955.674499750137
-reluctant=0 13062.414311885834
-fastel=0 13269.671411037445
-randec=0 13394.939506292343
-bump=0 14123.673893928528
-restart=0 15573.22517991066
-target=0 15626.636482477188
-rephase=0 32000
-stable=0 32000
