-eliminate=0 643.8337368965149
-preprocess=0 1894.2840554714203
-substitute=0 2049.9240057468414
-randec=0 2195.6748325824738
-vivify=0 2210.5754199028015
-target=2 2359.903609275818
-forward=0 2439.121278524399
-phase=0 2478.342593193054
-reorder=1 2508.6116461753845
-lucky=0 2517.9028272628784
-fastel=0 2596.8733422756195
-transitive=0 2770.301398038864
-stable=0 2780.12086725235
-reorder=0 3374.6490235328674
-target=0 3378.9484934806824
-reluctant=0 3507.029247045517
-rephase=0 3607.2141094207764
-warmup=0 3653.4658677577972
-sweep=0 3703.1000895500183
-chrono=0 3736.4675250053406
-backbone=0 3736.580302000046
-backbone=2 3736.7715280056
-extract=0 3736.861889600754
-phasesaving=0 4016.0996248722076
-restart=0 4504.377853870392
-stable=2 4943.345352888107
-bump=0 8912.71802520752
-congruence=0 12804.73290681839
-factor=0 32000
-probe=0 32000
