-bump=0 4337.937688112259
-stable=2 8532.586607456207
-target=2 10854.067741155624
-restart=0 11076.19260931015
-reorder=1 11469.58398270607
-chrono=0 12007.482264757156
-preprocess=0 12032.068546056747
-backbone=2 12196.302111387253
-phase=0 12799.021157741547
-reluctant=0 13018.574087381363
-phasesaving=0 13178.656101703644
-lucky=0 13266.956626176834
-vivify=0 13283.211490154266
-backbone=0 13296.692855358124
-eliminate=0 13429.24531006813
-forward=0 13515.97379374504
-fastel=0 13630.252392292023
-warmup=0 13648.030733823776
-randec=0 14372.890143156052
-sweep=0 14467.594190120697
-transitive=0 14563.626998662949
-factor=0 14570.665776252747
-congruence=0 14573.985482931137
-extract=0 14645.93791103363
-rephase=0 14672.848794221878
-target=0 14719.448084831238
-reorder=0 15429.855652570724
-substitute=0 15913.660328865051
-probe=0 16186.632238388062
-stable=0 16246.841634273529
