-reluctant=0 14363.041601419449
-reorder=1 14555.39426612854
-eliminate=0 14560.948543548584
-reorder=0 14664.817891597748
-sweep=0 14794.855821847916
-backbone=2 14941.916668653488
-rephase=0 15150.126603603363
-target=2 15176.024431705475
-backbone=0 15361.512354135513
-substitute=0 15363.932693481445
-chrono=0 15577.975892543793
-warmup=0 15580.692830562592
-transitive=0 15589.952236890793
-extract=0 15876.997184038162
-fastel=0 15885.4026491642
-vivify=0 16043.097848176956
-forward=0 16231.834688663483
-congruence=0 16246.060838222504
-randec=0 16403.95640039444
-phase=0 16455.715366125107
-stable=2 16818.132968902588
-factor=0 16979.54651117325
-preprocess=0 17226.543065547943
-lucky=0 17351.654629707336
-phasesaving=0 17595.3830037117
-probe=0 18217.050372838974
-restart=0 19148.10097336769
-stable=0 19752.45429611206
-target=0 20201.63887500763
-bump=0 24439.854603767395
