-sweep=0 5601.8992693424225
-randec=0 5689.1373653411865
-transitive=0 5690.316140174866
-reluctant=0 5697.710544586182
-rephase=0 5700.290023088455
-warmup=0 5702.557312965393
-reorder=0 5705.152750253677
-backbone=2 5705.576434373856
-eliminate=0 5706.197723388672
-forward=0 5706.559629917145
-stable=0 5706.619105577469
-extract=0 5706.63173365593
-reorder=1 5706.659208774567
-target=0 5710.441485404968
-phasesaving=0 5713.952353239059
-restart=0 5716.353821277618
-chrono=0 5722.696122169495
-factor=0 5726.312482833862
-vivify=0 5728.596093416214
-target=2 5733.8993101119995
-phase=0 5789.637144804001
-stable=2 5817.623521327972
-backbone=0 6953.74293589592
-substitute=0 7401.411509037018
-fastel=0 7495.023783922195
-lucky=0 7658.32506108284
-congruence=0 9861.000251054764
-bump=0 13397.9117166996
-preprocess=0 20000.692363739014
-probe=0 24657.57452607155
