-target=2 20493.21751475334
-randec=0 21119.21226787567
-vivify=0 21258.324895620346
-phasesaving=0 21366.95835375786
-fastel=0 21368.556363105774
-reorder=0 22356.931408405304
-rephase=0 22363.430393218994
-preprocess=0 22381.484231472015
-extract=0 22384.582407712936
-transitive=0 22388.6154153347
-warmup=0 22396.68595600128
-eliminate=0 22397.01539850235
-substitute=0 22399.928665161133
-chrono=0 22412.59140062332
-backbone=2 22415.206928014755
-lucky=0 22418.915935993195
-factor=0 22421.13445353508
-phase=0 22426.55554008484
-target=0 22426.79907798767
-forward=0 22427.488789319992
-stable=0 22429.624411821365
-reluctant=0 22431.430947065353
-congruence=0 22437.63480949402
-backbone=0 22464.673291683197
-reorder=1 22484.598722696304
-probe=0 22590.158542871475
-stable=2 22660.395276784897
-restart=0 22673.42124891281
-sweep=0 22722.59701013565
-bump=0 24461.455847024918
