-extract=0 6541.118204832077
-phase=0 7785.627739906311
-fastel=0 8483.022746801376
-stable=2 8564.432645559311
-eliminate=0 8720.454411506653
-chrono=0 8756.79786992073
-forward=0 9014.719114303589
-probe=0 9065.262386322021
-reorder=1 9188.225472927094
-transitive=0 9624.621880531311
-vivify=0 9648.462651729584
-backbone=2 9788.332945108414
-reorder=0 10041.52019572258
-target=2 10213.637648820877
-factor=0 10379.992188215256
-lucky=0 10469.154643774033
-preprocess=0 10780.087626218796
-substitute=0 10910.827644109726
-backbone=0 11084.333060026169
-warmup=0 11223.115811109543
-congruence=0 11904.64667892456
-randec=0 11995.511325597763
-sweep=0 12453.424669742584
-phasesaving=0 15043.39476966858
-reluctant=0 22144.61459493637
-restart=0 24112.94040465355
-target=0 24240.5944583416
-rephase=0 24432.36918091774
-bump=0 32000
-stable=0 32000
