-substitute=0 19960.436218500137
-factor=0 19990.116104125977
-sweep=0 19997.700355529785
-extract=0 20045.11645436287
-randec=0 20085.67392015457
-preprocess=0 20104.033052682877
-probe=0 20131.52153301239
-transitive=0 20138.093703985214
-phasesaving=0 20255.28026175499
-phase=0 20355.514771699905
-reluctant=0 20673.648874282837
-reorder=1 21124.208538532257
-backbone=0 21160.366479873657
-fastel=0 21214.737576007843
-eliminate=0 21221.17782187462
-reorder=0 21226.739341259003
-backbone=2 21304.27898979187
-vivify=0 21370.23414683342
-stable=0 22159.26827096939
-stable=2 22257.23290538788
-target=2 22311.77837586403
-forward=0 22353.446537733078
-chrono=0 22356.3954744339
-congruence=0 22419.461013317108
-warmup=0 22613.26337838173
-lucky=0 22742.449110984802
-target=0 23124.433624982834
-rephase=0 24185.331314325333
-restart=0 24216.43112230301
-bump=0 26141.754251003265
