reorder=0 19310.281015634537
chrono=0 19646.12486553192
substitute=0 19744.850546360016
forward=0 20262.763226270676
congruence=0 20797.601710796356
target=2 21011.794957876205
stable=2 21132.358504533768
randec=0 21369.544419527054
reluctant=0 21483.32153391838
sweep=0 21549.073720932007
lucky=0 21609.480203151703
backbone=0 21800.602330207825
transitive=0 22005.70799970627
backbone=2 22199.970679998398
vivify=0 22311.826647043228
factor=0 22399.040562152863
eliminate=0 22523.53758406639
phase=0 22642.483902215958
phasesaving=0 22855.342203378677
preprocess=0 22863.007319927216
probe=0 22939.803822278976
fastel=0 22972.836119174957
reorder=1 22974.961714982986
extract=0 23000.317272663116
warmup=0 23176.502725839615
rephase=0 23412.899747133255
target=0 24510.483566761017
restart=0 24708.67570567131
stable=0 25072.641931056976
bump=0 28317.588255882263
