-stable=0 21963.38835644722
-fastel=0 23150.634561300278
-randec=0 23762.639388799667
-phase=0 23816.35022044182
-backbone=0 23932.96168231964
-lucky=0 23961.933700084686
-congruence=0 23982.407774209976
-target=0 23985.544216394424
-backbone=2 24046.977674484253
-warmup=0 24083.919807195663
-chrono=0 24086.249652147293
-reorder=0 24116.761490106583
-reluctant=0 24122.11946630478
-substitute=0 24235.459133148193
-rephase=0 24270.692204475403
-reorder=1 24309.77361679077
-preprocess=0 24311.399438142776
-transitive=0 24319.922944545746
-sweep=0 24481.37726044655
-extract=0 25150.727670907974
-factor=0 25341.07559776306
-vivify=0 25397.37384080887
-stable=2 25829.009125471115
-probe=0 25960.02397966385
-phasesaving=0 25986.68980693817
-target=2 26064.43706393242
-restart=0 26378.996988534927
-forward=0 26809.94581055641
-eliminate=0 27305.316703796387
-bump=0 32000
