-congruence=0 25006.741902589798
-eliminate=0 26248.49355864525
-substitute=0 26265.238080501556
-reluctant=0 26331.070187807083
-phase=0 26335.146424293518
-forward=0 26341.564096212387
-warmup=0 26346.117104053497
-vivify=0 26387.666265964508
-randec=0 26418.012373209
-chrono=0 26474.660080194473
-reorder=0 26480.145063877106
-preprocess=0 26506.883243083954
-transitive=0 26610.429821252823
-phasesaving=0 26656.155755519867
-backbone=0 26673.334450006485
-extract=0 26724.498317718506
-sweep=0 26751.148033618927
-backbone=2 26769.871148109436
-stable=2 26874.320066452026
-target=0 26939.558651924133
-reorder=1 26981.20166683197
-target=2 27151.587115049362
-bump=0 27558.599964380264
-fastel=0 28194.80988383293
-restart=0 28258.520704984665
-lucky=0 28349.327872037888
-rephase=0 28460.73985171318
-probe=0 29114.09943342209
-stable=0 30147.50909590721
-factor=0 30339.417809009552
