-factor=0 4794.1097502708435
-randec=0 4854.505016326904
-fastel=0 5163.652173280716
-reorder=0 5658.753410100937
-probe=0 6342.2699909210205
-phase=0 6346.804648160934
-lucky=0 6347.8437530994415
-substitute=0 6390.126698732376
-extract=0 6390.200550079346
-reluctant=0 6407.743765592575
-chrono=0 6506.226319074631
-target=2 6529.755522489548
-forward=0 6539.987219333649
-stable=2 6558.589881658554
-vivify=0 6585.687027931213
-reorder=1 6612.77006316185
-phasesaving=0 6685.73864865303
-congruence=0 6746.798726081848
-warmup=0 6819.015907049179
-transitive=0 6871.941754579544
-sweep=0 6949.805920124054
-backbone=2 6952.346591234207
-backbone=0 6957.069230556488
-preprocess=0 7180.822746515274
-restart=0 7600.866324663162
-eliminate=0 8299.676230430603
-bump=0 10051.90341424942
-rephase=0 12956.3849568367
-target=0 14271.504501581192
-stable=0 29199.371549606323
