-factor=0 9643.033842802048
-forward=0 10150.176363706589
-reorder=1 10165.735671520233
-extract=0 10286.787997245789
-eliminate=0 10329.196691036224
-reorder=0 10348.731922388077
-backbone=2 10578.374151945114
-vivify=0 11358.279755592346
-phasesaving=0 11877.704223632812
-randec=0 11966.165673494339
-chrono=0 12003.212948083878
-sweep=0 12092.83321237564
-reluctant=0 12511.638180732727
-transitive=0 12528.006761312485
-fastel=0 12701.982449769974
-backbone=0 13014.91211605072
-lucky=0 13437.574354171753
-rephase=0 13517.729410171509
-warmup=0 13913.511764287949
-target=0 13961.361645698547
-preprocess=0 15225.210905075073
-target=2 15864.105020523071
-stable=2 15921.544006109238
-phase=0 17299.049488067627
-restart=0 17449.97439432144
-stable=0 18301.18559551239
-substitute=0 24734.09309577942
-congruence=0 26782.01718354225
-probe=0 29839.196174144745
-bump=0 31000
