-vivify=0 22544.17551255226
-extract=0 23331.373061418533
-stable=0 24553.700682401657
-probe=0 24571.24816417694
-chrono=0 24796.779717206955
-sweep=0 24850.883736133575
-preprocess=0 24882.746092796326
-lucky=0 24887.09093260765
-randec=0 24968.564149856567
-reluctant=0 24975.66156744957
-forward=0 25099.737053871155
-target=0 25919.91051721573
-phase=0 25921.692328691483
-reorder=1 25992.585505962372
-eliminate=0 25992.75005531311
-backbone=0 26016.89228463173
-fastel=0 26047.220808029175
-rephase=0 26058.855702877045
-congruence=0 26063.46270799637
-substitute=0 26073.819630861282
-backbone=2 26074.94988012314
-transitive=0 26077.993084669113
-reorder=0 26082.237166404724
-warmup=0 26108.352206468582
-phasesaving=0 26133.472719430923
-factor=0 26311.405005455017
-target=2 26747.93959069252
-restart=0 29917.1790099144
-bump=0 31000
-stable=2 31000
