-randec=0 16802.823665380478
-target=2 18307.234855651855
-sweep=0 18363.248678207397
-transitive=0 18551.294571638107
-phasesaving=0 18833.11637043953
-eliminate=0 18877.313426733017
-reorder=0 19201.307639360428
-extract=0 19577.57867860794
-reorder=1 19688.29721045494
-stable=2 19796.08332490921
-rephase=0 19870.44774031639
-fastel=0 19873.772204637527
-target=0 19904.98653769493
-preprocess=0 19970.967123270035
-chrono=0 19976.263332366943
-lucky=0 19986.24618768692
-backbone=0 19988.36164045334
-warmup=0 19999.16579079628
-congruence=0 21054.877951145172
-bump=0 21055.286244630814
-substitute=0 21055.61319589615
-stable=0 21055.82590651512
-vivify=0 21055.886546373367
-restart=0 21056.08358836174
-forward=0 21056.164217948914
-backbone=2 21056.18269968033
-reluctant=0 21056.20321035385
-phase=0 21056.865760564804
-factor=0 26834.02617764473
-probe=0 27965.26757287979
