-stable=0 15194.035287618637
-reorder=0 15973.805250167847
-preprocess=0 16166.210120916367
-warmup=0 17030.06708097458
-reorder=1 17041.349210500717
-sweep=0 17044.980028629303
-randec=0 17143.084312200546
-extract=0 17169.763257980347
-fastel=0 17359.29496192932
-eliminate=0 18003.028098106384
-chrono=0 18073.904490947723
-lucky=0 18082.48451113701
-backbone=0 18109.624454975128
-phase=0 18120.444485664368
-congruence=0 18259.914110660553
-forward=0 18283.199062108994
-target=0 18291.75845336914
-transitive=0 18303.26438331604
-substitute=0 18303.999131917953
-backbone=2 18346.20539999008
-rephase=0 18360.59421467781
-factor=0 18468.086335897446
-vivify=0 19629.53318119049
-reluctant=0 19676.78810787201
-phasesaving=0 20695.512705802917
-probe=0 21416.65716290474
-target=2 22328.57261133194
-restart=0 24076.43004345894
-bump=0 24213.08025956154
-stable=2 24539.05631661415
