preprocess=0 15026.68045759201
backbone=0 15033.814588069916
transitive=0 15101.412441015244
forward=0 15160.003888845444
rephase=0 15200.79817867279
reorder=1 15221.412184715271
backbone=2 15258.239929914474
stable=0 15267.616248846054
sweep=0 15285.920994281769
target=2 15315.853832960129
lucky=0 15348.65320467949
substitute=0 15351.01081418991
congruence=0 15353.096711874008
phasesaving=0 15410.338088035583
phase=0 15438.274135351181
warmup=0 15474.56051826477
reluctant=0 15502.6382021904
fastel=0 15530.89403796196
eliminate=0 15546.282529830933
target=0 15626.246702432632
stable=2 15908.232278108597
extract=0 16688.802412748337
reorder=0 16702.351306438446
randec=0 16707.556028604507
chrono=0 16722.918564081192
restart=0 17308.420917749405
vivify=0 17310.904016017914
factor=0 22554.637600660324
probe=0 22685.460186719894
bump=0 25865.31522679329
