stable=2 3163.363026380539
restart=0 4593.884152889252
reorder=0 5574.952971458435
extract=0 5644.063590764999
substitute=0 5785.098380565643
phasesaving=0 5850.33701133728
fastel=0 6306.557026147842
rephase=0 7377.640615701675
randec=0 7678.465824604034
target=2 7834.208390235901
phase=0 7972.725734949112
lucky=0 7997.413701057434
forward=0 8199.572190284729
reluctant=0 8326.21763586998
transitive=0 8342.717239618301
sweep=0 8353.40946650505
backbone=0 8419.670859098434
backbone=2 8420.923441410065
chrono=0 8421.502173662186
preprocess=0 8714.707552909851
vivify=0 8741.306777238846
target=0 8766.24089384079
congruence=0 8902.074061632156
factor=0 10490.990948200226
eliminate=0 10515.034382343292
reorder=1 11658.623036384583
warmup=0 12390.841506004333
stable=0 13818.972224712372
probe=0 14939.865123271942
bump=0 20142.685000181198
