target=0 17493.725746393204
stable=2 17833.66539621353
factor=0 18019.897433042526
randec=0 18045.71315717697
reorder=0 18053.554332733154
probe=0 18121.90986585617
warmup=0 18357.903820991516
extract=0 18457.43881893158
phasesaving=0 18488.990267276764
congruence=0 18522.62614917755
substitute=0 18605.51633787155
vivify=0 18707.859836816788
sweep=0 18750.36810541153
backbone=0 18863.409647464752
backbone=2 18866.111626386642
chrono=0 18900.548763751984
phase=0 19757.904195547104
transitive=0 19861.920191287994
fastel=0 19885.49830698967
lucky=0 19976.203854322433
preprocess=0 20095.981412887573
forward=0 20112.438619852066
reorder=1 20438.804980039597
target=2 21372.53685235977
stable=0 21923.30388212204
rephase=0 22980.657938480377
reluctant=0 23242.485091924667
eliminate=0 23410.827577590942
restart=0 24860.208708524704
bump=0 32000
