stable=0 25652.15563106537
phase=0 26731.36227607727
congruence=0 27200.41184735298
target=0 27580.18489074707
randec=0 27687.937388420105
eliminate=0 28001.06768989563
lucky=0 28210.714403390884
substitute=0 28229.97029185295
warmup=0 28278.835710287094
reluctant=0 28280.30638360977
factor=0 28358.54001879692
extract=0 28968.30625963211
target=2 28985.36573457718
probe=0 29042.760489463806
fastel=0 29170.064158678055
reorder=1 29262.079676151276
stable=2 29263.034640550613
forward=0 29347.323388814926
preprocess=0 29358.526657104492
rephase=0 29443.485362529755
phasesaving=0 29454.169146299362
reorder=0 29531.96217608452
bump=0 30619.63904953003
restart=0 30683.044172763824
sweep=0 30711.844872236252
chrono=0 30721.423900842667
backbone=2 30722.232335805893
transitive=0 30881.082757472992
backbone=0 30926.69923067093
vivify=0 30926.862469911575
