warmup=0 13394.707326173782
randec=0 13458.573449850082
extract=0 14470.803464651108
phase=0 14588.220675945282
forward=0 14858.694483995438
phasesaving=0 14885.41175699234
reorder=1 15299.404777526855
factor=0 15448.097788095474
backbone=0 15520.200987815857
congruence=0 15536.542176246643
target=2 15579.742943286896
eliminate=0 15859.461101293564
lucky=0 15902.377168893814
reluctant=0 15920.350017547607
backbone=2 16373.50526356697
stable=0 16704.72163629532
probe=0 16709.644389390945
fastel=0 16719.76158595085
stable=2 16990.09822654724
preprocess=0 17312.132226228714
chrono=0 17546.50542807579
transitive=0 17589.11790895462
vivify=0 17778.782497167587
reorder=0 17854.82699084282
target=0 18101.70500922203
substitute=0 18198.753499269485
restart=0 18354.79076218605
sweep=0 19099.346802949905
rephase=0 19292.995050668716
bump=0 27671.784698724747
