reorder=0 28231.10926938057
stable=0 28701.888615131378
phase=0 28746.906616449356
rephase=0 28867.74657344818
reorder=1 28916.85888528824
factor=0 29006.458951234818
substitute=0 29074.56298685074
lucky=0 29134.917505979538
randec=0 29498.653141498566
transitive=0 29633.553744077682
warmup=0 30077.386483430862
target=0 30303.815701961517
fastel=0 30445.697143793106
congruence=0 30628.479656934738
reluctant=0 30685.318039655685
forward=0 30742.64084339142
preprocess=0 30919.70708346367
backbone=0 32000
backbone=2 32000
bump=0 32000
chrono=0 32000
eliminate=0 32000
extract=0 32000
phasesaving=0 32000
probe=0 32000
restart=0 32000
stable=2 32000
sweep=0 32000
target=2 32000
vivify=0 32000
