sweep=0 18751.738399744034
backbone=2 18856.247972726822
extract=0 20258.765228509903
target=0 20667.54478240013
chrono=0 20879.301664114
backbone=0 20957.47584795952
vivify=0 20999.05929350853
target=2 21707.85451722145
substitute=0 21893.18341732025
randec=0 22085.739911794662
reorder=0 22201.27928328514
lucky=0 22508.097444295883
congruence=0 22911.273540973663
reorder=1 23021.176177978516
fastel=0 23027.785247325897
restart=0 23058.20812869072
phase=0 23185.69832134247
transitive=0 23235.55009651184
stable=2 23428.689692258835
factor=0 23498.281539916992
preprocess=0 23524.922317028046
warmup=0 23552.642016649246
eliminate=0 23717.895452976227
forward=0 24085.348234176636
rephase=0 24375.817671060562
reluctant=0 25371.953092575073
probe=0 25429.55911397934
phasesaving=0 25532.439422607422
stable=0 25540.04761838913
bump=0 32000
